[config]

estimate_memory_usage = 1000000000
resources = [0.5, 0.6, 0.7, 0.8, 0.9, 1.0]
deltas = [0.9, 0.99, 0.999, 0.9999, 0.99999, 0.999999, 0.9999999]
